1 2.74791157831968
2 2.72222601235365
3 2.68500538833692
4 2.65739830508901
5 2.6141194936173
6 2.57970316536438
7 2.56210296530155
8 2.53747426823699
9 2.52275548280472
10 2.50841171940993
11 2.49125006216984
12 2.48925085717911
13 2.49618757011926
14 2.51203530538731
15 2.53991323841077
16 2.54143885193656
17 2.5638663223997
18 2.57538342231867
19 2.60444641544464
20 2.62891994485954
21 2.6532934922967
22 2.67400996376831
23 2.69271644926656
24 2.70486123111392
25 2.7118461074273
26 2.71599760249609
27 2.6977217750319
28 2.68018903486705
29 2.6875374460417
30 2.69249506632205
31 2.6960130686612
32 2.71116481615005
33 2.74453163839623
34 2.79338073238902
35 2.81730042143098
36 2.84834601700901
37 2.88407073963722
38 2.91554671386381
39 2.91542011461236
40 2.94230057545711
41 2.97057469627055
42 2.98165501834835
43 2.98434649220433
44 2.99940240167401
45 2.9978957410536
46 2.99081596024384
47 2.97430124117761
48 2.96019316976673
49 2.95008137121679
50 2.93193126323736
51 2.89585335137876
52 2.84113158227552
53 2.79234674552585
54 2.7575078540929
55 2.76402084366542
56 2.7467064639951
57 2.72765764180844
58 2.68925553330992
59 2.62592725681428
60 2.57823484818813
61 2.54054376937688
62 2.55173953463421
63 2.51592892405472
64 2.47318695564471
65 2.44676325931548
66 2.45592509715758
67 2.44689966059236
68 2.44577873005356
69 2.46952913875165
70 2.43729627974093
71 2.43451751230278
72 2.43300406018893
73 2.42020458952013
74 2.38564674426016
75 2.36025672090993
76 2.33857586126569
77 2.35927075760162
78 2.39583276042091
79 2.4180329631479
80 2.43587894861292
81 2.45267580730193
82 2.50462654756903
83 2.54375457620079
84 2.58230192712383
85 2.66967526703228
86 2.69502456798333
87 2.76098154798471
88 2.83723660710901
89 2.86805612598718
90 2.86503424774787
91 2.86160873494189
92 2.83358330883606
93 2.82596383543245
94 2.82304760982198
95 2.82371738064977
96 2.82953389851661
97 2.83030002932769
98 2.8087804180508
99 2.81257356365385
100 2.8022020627136
101 2.80099696932788
102 2.80403488264147
103 2.82512445044957
104 2.8384887421821
105 2.84668292436982
106 2.84826891312833
107 2.83655649328815
108 2.84117347285156
109 2.85579524506859
110 2.88142985587161
111 2.92212312201209
112 2.96870560437905
113 3.05311706355694
114 3.05287838841296
115 3.11798421623978
116 3.15054795922285
117 3.18006096576999
118 3.17052385802069
119 3.16846619656895
120 3.15699199228678
121 3.14765909615406
122 3.14115702788492
123 3.12619303023996
124 3.08892832557379
125 3.07411287622702
126 3.05770277779832
127 3.02968754359358
128 3.02456744964851
129 3.00181788317896
130 3.01185018577087
131 3.00525609353932
132 3.01508361389782
133 3.02137261699475
134 3.02492953380106
135 3.01838774912248
136 3.02812035654241
137 3.02241740031013
138 3.01730355775365
139 3.02602491671006
140 3.01348281585987
141 3.00395729575105
142 3.01709386459313
143 3.04758516213786
144 3.06770192297975
145 3.0933694193718
146 3.11970486112486
147 3.12882691212876
148 3.13812195898955
149 3.15645747906275
150 3.17879340357996
151 3.1976424965056
152 3.1569263452854
153 3.12097498732234
154 3.09928507780259
155 3.09138332987174
156 3.08381399125928
157 3.0913334428667
158 3.07625369344315
159 3.04098173325576
160 2.99045397240159
161 2.95203472768441
162 2.93897371437581
163 2.91354332312667
164 2.87700400478234
165 2.81087033203322
166 2.80783966608858
167 2.78765366382747
168 2.7863680702374
169 2.77095023214344
170 2.72915850862926
171 2.68451779155736
172 2.6723873331191
173 2.66083515566008
174 2.62032107260291
175 2.57299805369724
176 2.54685972182403
177 2.5290398353855
178 2.5198845889467
179 2.47827612421963
180 2.47859315988716
181 2.48880596224006
182 2.46163279597251
183 2.42975029846077
184 2.44092366438281
185 2.44174237362183
186 2.44806265048875
187 2.46255933686209
188 2.49056350706074
189 2.49697167388439
190 2.55053885656491
191 2.57123399671548
192 2.59695563501389
193 2.62083149865791
194 2.6289583691119
195 2.66750867803666
196 2.69924037243347
197 2.76975661797585
198 2.80212737320499
199 2.83986550687527
200 2.83877192947622
201 2.84778494343707
202 2.85274921497647
203 2.86003811268277
204 2.86908174310053
205 2.88644702083953
206 2.90576363027807
207 2.91049764135468
208 2.92366781534889
209 2.93955011882215
210 2.91976610140481
211 2.92749264102926
212 2.94139840153375
213 2.93545734760033
214 2.8975673877495
215 2.84841154956296
216 2.82366100928713
217 2.80499598971551
218 2.74802788928025
219 2.72507531207236
220 2.72354893406443
221 2.70178401876366
222 2.67981945211001
223 2.671733497388
224 2.69438296651123
225 2.72643808656447
226 2.73696365422084
227 2.76256382691983
228 2.74004515865304
229 2.72409178947403
230 2.66389849127901
231 2.64814001643064
232 2.60444061428929
233 2.57281070865331
234 2.55322195820711
235 2.52901992902661
236 2.50909661477715
237 2.4918504857509
238 2.4806266983105
239 2.48861728180613
240 2.47394657688962
241 2.46051136153891
242 2.47302105185883
243 2.47548429610447
244 2.47955748341702
245 2.48569761682025
246 2.48238198141113
247 2.47982057577404
248 2.48353690126552
249 2.49700989166426
250 2.51961593385724
251 2.5382145882953
252 2.57431533990062
253 2.6124814960509
254 2.65200412180507
255 2.70627305785918
256 2.74700790484773
257 2.77284482638399
258 2.81335975186047
259 2.83294931410467
260 2.84741607260504
261 2.86146051119399
262 2.81691655450465
263 2.79710605832032
264 2.75396465817813
265 2.72750975588984
266 2.66870686445837
267 2.64276936783305
268 2.63129968891326
269 2.61188287544046
270 2.56002858754991
271 2.51402010415667
272 2.48691421227955
273 2.47230221058228
274 2.46032865000198
275 2.43275881454954
276 2.42507150920128
277 2.41949298009224
278 2.43519910783277
279 2.44877784493715
280 2.4425144783824
281 2.43584041797781
282 2.47747495621948
283 2.50578465868371
284 2.50834643399467
285 2.52728232728361
286 2.5469595278033
287 2.55781400423002
288 2.57799524080604
289 2.57342718742513
290 2.53679859423787
291 2.51793734653481
292 2.52211781185283
293 2.51077318904956
294 2.50959769428017
295 2.51815357697722
296 2.54736487131037
297 2.56168606586196
298 2.58249093993222
299 2.6096726161138
300 2.65383821326943
301 2.68553381926899
302 2.70173721407597
303 2.72176012729551
304 2.7446137038418
305 2.75762727587936
306 2.74318237248756
307 2.77777030226975
308 2.79164570429365
309 2.78243877483745
310 2.80167666333523
311 2.77903521839012
312 2.80615344387375
313 2.80838048460652
314 2.80532273238586
315 2.79109006588715
316 2.79712395291323
317 2.77847103291387
318 2.77099349199091
319 2.76970813312507
320 2.77726850424745
321 2.76028640503474
322 2.7489953326585
323 2.70842293601353
324 2.6909509769667
325 2.67715265583713
326 2.70399420794449
327 2.72197195022903
328 2.73984712844104
329 2.77346842528399
330 2.78185099743535
331 2.82949703313934
332 2.88611756263691
333 2.910915536404
334 2.96720897963973
335 3.02137314280324
336 3.04487814130831
337 3.09603243882098
338 3.12838223579529
339 3.19930526480688
340 3.22593282261425
341 3.22183810467641
342 3.23669239186803
343 3.26865399382674
344 3.30288608056762
345 3.33482155518273
346 3.35229609498722
347 3.35695821454713
348 3.3594400332564
349 3.36353491745486
350 3.33048248463001
351 3.33563296218052
352 3.30317750880774
353 3.28550682074928
354 3.26913931274273
355 3.24852941619628
356 3.23863787419271
357 3.21157340529362
358 3.20032303437622
359 3.18491756929879
360 3.18005258799532
361 3.16623819526311
362 3.15142092488725
363 3.13306866670853
364 3.1139582415056
365 3.10935996534378
366 3.09105263538067
367 3.09659304778421
368 3.10282273443837
369 3.12576145329303
370 3.15229685298116
371 3.15877336994726
372 3.14921685377723
373 3.1524762095493
374 3.16614988847829
375 3.17791628548545
376 3.20668498388301
377 3.23753529394592
378 3.27748835291944
379 3.30630333784092
380 3.33875050988714
381 3.33776873783669
382 3.31868538721995
383 3.32440794189651
384 3.32764979632961
385 3.3212720516485
386 3.32552491148246
387 3.3242144937952
388 3.33056248086935
389 3.33586307065751
390 3.33020240791714
391 3.33723811644568
392 3.34881370147766
393 3.3400546130808
394 3.35909122034868
395 3.36729290717295
396 3.38856144734974
397 3.39549390885501
398 3.41061725513471
399 3.42078406196566
400 3.44209771233517
401 3.47305586359542
402 3.47479822827471
403 3.49001060268694
404 3.47976482142504
405 3.46773540601106
406 3.48052626368753
407 3.49536336504074
408 3.48370179306291
409 3.46746657915003
410 3.44632167582493
411 3.43994248366485
412 3.42835625861417
413 3.41673529204275
414 3.41185809737332
415 3.42379176373352
416 3.41648692188931
417 3.41798843458511
418 3.41372328579324
419 3.41364278765424
420 3.39001427600557
421 3.38051414882525
422 3.39158116005932
423 3.36423772163682
424 3.363834283908
425 3.34654062512125
426 3.32952175972574
427 3.30128365751361
428 3.292104777004
429 3.26636453081133
430 3.23711500091031
431 3.21053419099922
432 3.19250751079701
433 3.18867496395516
434 3.16055916612608
435 3.12552741777773
436 3.09594416820946
437 3.0534627226355
438 2.99524128411031
439 2.96513604567599
440 2.95879371439711
441 2.93143727727992
442 2.8935050870017
443 2.85313707306122
444 2.84876908265982
445 2.84265248119863
446 2.85160917079872
447 2.84113506776743
448 2.84163998164849
449 2.84149835413308
450 2.874248513631
451 2.87238477109806
452 2.87663741161057
453 2.89210619958196
454 2.92299799859042
455 2.92087185249807
456 2.91904222976298
457 2.94177224686892
458 2.95561476493686
459 2.99276188607105
460 3.00760926726106
461 3.01791056809852
462 3.05380149414492
463 3.07232393720646
464 3.07984503358089
465 3.07885880965899
466 3.10147857056251
467 3.14404363207831
468 3.15978528944499
469 3.16338932240106
470 3.1839734887991
471 3.20658480084233
472 3.22526312389822
473 3.23029053117188
474 3.25055498062027
475 3.25994074588633
476 3.25765119301758
477 3.26358029754179
478 3.30269763889447
479 3.2823196576607
480 3.28382936707764
481 3.23862940965185
482 3.21921992321821
483 3.22668927279436
484 3.23982480943523
485 3.25772688814021
486 3.27310022659174
487 3.29027229989601
488 3.29668915898711
489 3.29363425496873
490 3.28574986954013
491 3.23817827881597
492 3.19266257144552
493 3.14475914952967
494 3.11401754092977
495 3.08393787070573
496 3.04085698344144
497 3.02131563837323
498 2.9820244096889
499 2.95020552319847
500 2.88558942605816
501 2.82932030964364
502 2.82712184323319
503 2.81355921950683
504 2.7819449164568
505 2.77863146592617
506 2.74126547725469
507 2.75019532208418
508 2.75621071290759
509 2.73300636584917
510 2.7100240900081
511 2.65168393444459
512 2.59143978047027
513 2.56152468456436
514 2.56315398749125
515 2.59397928919738
516 2.62673988604318
517 2.6495766937901
518 2.69358956257542
519 2.72162777308749
520 2.73237832623335
521 2.72979103307636
522 2.71719065521756
523 2.69723059698222
524 2.66179224801112
525 2.58866629613576
526 2.5629222170375
527 2.52245219727438
528 2.51869050907884
529 2.4487167682345
530 2.37344936149835
531 2.35668595973029
532 2.32718693222758
533 2.29325932911217
534 2.25592239437902
535 2.23428053125516
536 2.21800687797898
537 2.20205525277798
538 2.17499695282237
539 2.16019669198288
540 2.18314737084915
541 2.17299833370923
542 2.14747614841001
543 2.12962125945853
544 2.13299836316002
545 2.14722721602131
546 2.17070276601995
547 2.22416247606535
548 2.25782049411222
549 2.29204600912126
550 2.33679594998468
551 2.38984434030964
552 2.4512591675475
553 2.5226000897392
554 2.61125620111742
555 2.69112561540749
556 2.77568827248061
557 2.82664227103105
558 2.8067618654969
559 2.74709360056871
560 2.75099122519212
561 2.80558953191018
562 2.79913899484021
563 2.79454800525407
564 2.73147802874739
565 2.66097388950261
566 2.59865538325221
567 2.58759910030916
568 2.55640720077101
569 2.5358116663999
570 2.52253867418408
571 2.51940114717355
572 2.51366267777238
573 2.53017251235053
574 2.49677109195005
575 2.47850048202414
576 2.46192942346958
577 2.4460505427419
578 2.43805717470343
579 2.43798889612522
580 2.40734933717971
581 2.37193428597557
582 2.35747146181019
583 2.38537913434368
584 2.41369912361953
585 2.45486138141385
586 2.4673626289617
587 2.4995712567296
588 2.52752741636773
589 2.49642794203805
590 2.51622253076794
591 2.48840319850828
592 2.48329641433839
593 2.48215609423649
594 2.47358742730763
595 2.47527713054964
596 2.48613783086094
597 2.46453854098167
598 2.45725417595837
599 2.48197371365615
600 2.51772697023253
601 2.52310394090993
602 2.55115369997814
603 2.56662272578371
604 2.5648492449988
605 2.55689906676834
606 2.55460724491537
607 2.53646864170175
608 2.52427156595815
609 2.49130976068407
610 2.49758940154
611 2.48210372640613
612 2.46651682569804
613 2.42041517082921
614 2.40518625621203
615 2.37792794003936
616 2.38943898077095
617 2.40937863736492
618 2.41051444668128
619 2.3960603802706
620 2.37388376012987
621 2.37598260121503
622 2.39294103556979
623 2.43917502570133
624 2.47953877539243
625 2.52710524928302
626 2.57287331765854
627 2.63635724218003
628 2.70888197114614
629 2.78450746123416
630 2.83338783809438
631 2.88166788023539
632 2.94596095468516
633 2.95814340853833
634 2.96402792071586
635 2.94765950594745
636 2.99739227070182
637 3.0295771517286
638 3.05326810154183
639 3.05399957010635
640 3.10286490012874
641 3.14707931116619
642 3.17221147512418
643 3.21035683515734
644 3.26071563049361
645 3.27813281219842
646 3.27290039252279
647 3.2622202417004
648 3.26495315862143
649 3.27359773888157
650 3.27670709781694
651 3.27786711933078
652 3.2854000622374
653 3.28609224670327
654 3.26458733205673
655 3.25222387605859
656 3.26117017532607
657 3.24206549699154
658 3.24364454882161
659 3.25445808225062
660 3.26154341371304
661 3.26976363816031
662 3.25270631685912
663 3.25247700726731
664 3.26213834769978
665 3.21614812049658
666 3.16239125845089
667 3.13956328641719
668 3.14207313200108
669 3.09810348826801
670 3.09393518502302
671 3.09090916998337
672 3.09099883942342
673 3.09603374819349
674 3.07388687580451
675 3.0771579542207
676 3.07295853843232
677 3.06151249481856
678 3.05443309036321
679 3.04891057453544
680 3.0426877941623
681 3.01865943877527
682 2.98329243274977
683 2.93295390020394
684 2.8761026113723
685 2.81626517507756
686 2.75997309765992
687 2.72542780653925
688 2.70584157458044
689 2.66785199011122
690 2.6339767068421
691 2.61385159018563
692 2.58706478036279
693 2.57835699389364
694 2.58414727654022
695 2.55821220003145
696 2.53712863465417
697 2.50333900140864
698 2.43785319793456
699 2.37209480884946
700 2.3164321965409
701 2.2654202432967
702 2.25440883028142
703 2.26495908797759
704 2.27648979049196
705 2.28860730014338
706 2.30477315714838
707 2.32391526417887
708 2.35020277655338
709 2.39599157386356
710 2.46256732323383
711 2.55267398947864
712 2.62982616584359
713 2.67984774308617
714 2.69220029308221
715 2.75627755765418
716 2.77401131327849
717 2.77448644817787
718 2.83274203344787
719 2.86092095990677
720 2.90898547254889
721 2.940863259006
722 2.93926344321551
723 2.95598216480015
724 2.94821289315633
725 2.92406313415121
726 2.9216554916976
727 2.93859601304738
728 2.93605628051641
729 2.92989652515828
730 2.9120614833414
731 2.90251591263753
732 2.90293920269298
733 2.93366328469551
734 2.9545902218356
735 2.98178012481227
736 2.98279430498883
737 3.01248678074672
738 3.03467880748035
739 3.01839710133922
740 3.0169308032151
741 2.99016033652138
742 2.98200768429697
743 2.969184016058
744 2.97006749138362
745 2.96556018545401
746 2.95439617617053
747 2.95144949080197
748 2.91743184886532
749 2.89998858020302
750 2.86471688610852
751 2.83808025333856
752 2.77191509983899
753 2.7590734307662
754 2.72134308471429
755 2.69450588189463
756 2.63089312614522
757 2.5801206815232
758 2.53896866119934
759 2.54791768400172
760 2.51787430243209
761 2.50722990998936
762 2.47992851977259
763 2.46635812379674
764 2.43741438963077
765 2.43962484818164
766 2.4374338373808
767 2.43756225726535
768 2.44561221272447
769 2.4573044900778
770 2.44149782961258
771 2.43605911769939
772 2.44323902531105
773 2.44764009745411
774 2.48532116891538
775 2.50806924138304
776 2.54639194197032
777 2.60053893423686
778 2.64856478944222
779 2.68459469112833
780 2.69483699642
781 2.73961473556796
782 2.76768344488238
783 2.80391163472223
784 2.82857720458543
785 2.84272746342707
786 2.81892596726888
787 2.84895692444163
788 2.86906249065677
789 2.87344334383136
790 2.88081945836982
791 2.91849313450396
792 2.96842786362709
793 2.95833667409306
794 2.95908320789311
795 2.97503329357131
796 2.97903621500262
797 3.0178890837402
798 3.04417931316186
799 3.07742938301696
800 3.09464462367062
801 3.11513084450216
802 3.12203418912795
803 3.11838818664598
804 3.11084501952269
805 3.11146521600237
806 3.10504042008491
807 3.10511010370543
808 3.1115664171665
809 3.11069984176455
810 3.09231324255094
811 3.06385009384303
812 3.0540745404582
813 3.04264025648829
814 3.04818794069127
815 2.97410729519657
816 2.92323067501849
817 2.85619301363283
818 2.80187583706655
819 2.75138084891951
820 2.67996836487434
821 2.62192953357642
822 2.59900102118899
823 2.59334779941189
824 2.56680897053389
825 2.53870556876831
826 2.58947935432544
827 2.59713121861838
828 2.60265749599297
829 2.66504894947707
830 2.67168675763829
831 2.55208198041471
832 2.55371353508466
833 2.56170841381141
834 2.48384340423851
835 2.46682521705056
836 2.49959294990552
837 2.4686316909163
838 2.45892234006774
839 2.46111962940898
840 2.44815432264199
841 2.43044238670983
842 2.41610775827928
843 2.37930931759762
844 2.3386678181316
845 2.3035873855856
846 2.24526866602132
847 2.20900453430752
848 2.20760521868653
849 2.20174167063257
850 2.18518546817843
851 2.19480966920159
852 2.20466390773543
853 2.19309716550346
854 2.17225843907801
855 2.17766015120917
856 2.16629406768179
857 2.16199547084595
858 2.12318605253424
859 2.08972183042115
860 2.07332165383647
861 2.03256694424804
862 2.04128209915574
863 2.01414825853682
864 2.01203091936668
865 2.017571037331
866 2.02581407620403
867 2.04162248225139
868 2.0664238104511
869 2.10047548081846
870 2.10873572842191
871 2.10311297427141
872 2.09073668118984
873 2.08725739687059
874 2.03328986637916
875 1.97749610959365
876 1.95121416235227
877 1.92331918175135
878 1.93678938690005
879 1.93074375467286
880 1.95721438881072
881 1.98374571541525
882 1.98602149469044
883 2.02312395924138
884 2.05250902736944
885 2.070806175836
886 2.07091124423106
887 2.11937555045611
888 2.19687191892438
889 2.28138776164595
890 2.32755876096293
891 2.34379036760906
892 2.34215997949612
893 2.36786800342543
894 2.37603857853487
895 2.39940562190859
896 2.43894003698988
897 2.46632656530542
898 2.45439603144617
899 2.4691081653645
900 2.46708023382569
901 2.45087444168169
902 2.42932431927014
903 2.39420783290393
904 2.39853041890326
905 2.40780973024023
906 2.40362321296905
907 2.41298856096285
908 2.42411140365473
909 2.42161352684154
910 2.42118763809688
911 2.43462302968781
912 2.44095379790278
913 2.47946160307134
914 2.50761749931103
915 2.53499469811827
916 2.58526205913599
917 2.64616311609125
918 2.72869642631172
919 2.77187420599981
920 2.8354984897412
921 2.88016081006571
922 2.93367994195692
923 2.98620763148709
924 3.04891270882105
925 3.0497116444136
926 3.09799843014769
927 3.11612534853796
928 3.07093274761227
929 3.06179905847296
930 2.99894955819896
931 2.95253032219663
932 2.92790647840164
933 2.89398350632854
934 2.85172630866143
935 2.85075359512271
936 2.8221554967408
937 2.81618936960568
938 2.80178911338987
939 2.75624056374991
940 2.70796319759135
941 2.67453272597277
942 2.64050577668397
943 2.60937390625783
944 2.58552754033702
945 2.56422014715097
946 2.55332357241639
947 2.57542024762653
948 2.56700064621503
949 2.58276977695209
950 2.62673742467115
951 2.61896750235727
952 2.61701065113812
953 2.61468576094245
954 2.62693602373227
955 2.62824154542814
956 2.63337103572303
957 2.66885680199831
958 2.70022447802375
959 2.73673348907437
960 2.78835236825085
961 2.83254856085711
962 2.84568882051652
963 2.85314841588873
964 2.81792162702409
965 2.81120530028945
966 2.77370715670789
967 2.67886778810804
968 2.62254767448312
969 2.57611415932181
970 2.55199385441081
971 2.48673817279716
972 2.43943158833765
973 2.42423645401039
974 2.42498330779596
975 2.42961270029891
976 2.40449748698619
977 2.3815596051263
978 2.35289607626523
979 2.32984744420419
980 2.34248690568064
981 2.31913501285478
982 2.31029559271807
983 2.24443263737834
984 2.20822739426323
985 2.17834973871093
986 2.18931211140669
987 2.18517236378162
988 2.17125691544946
989 2.18580009159502
990 2.15439015882636
991 2.15048705924679
992 2.13945311926811
993 2.14070592870318
994 2.15186841386162
995 2.1534510867133
996 2.17840778350692
997 2.18518562598262
998 2.23117194190729
999 2.24174676336569
1000 2.26078115983202
1001 2.29977246032135
1002 2.3392189633743
1003 2.38137401848349
1004 2.41575216815537
1005 2.45365613792075
1006 2.51886805235506
1007 2.56295180818285
1008 2.61278781822857
1009 2.65750377281127
1010 2.70641845504995
1011 2.66652471686102
1012 2.69089858025259
1013 2.73130385616734
1014 2.73010991340304
1015 2.72182253760158
1016 2.75831435380839
1017 2.78375223988935
1018 2.83945529058768
1019 2.83699299672118
1020 2.83014023615217
1021 2.80120291332152
1022 2.76819230048943
1023 2.75583809376109
1024 2.75264854050008
1025 2.80254986528882
1026 2.84121742275205
1027 2.84658890437369
1028 2.85445357157085
1029 2.84799250657362
1030 2.87446119821747
1031 2.88912195332391
1032 2.8807145458163
1033 2.89739660842944
1034 2.90543617095758
1035 2.91713718026734
1036 2.94478853246675
1037 2.95614106620639
1038 2.9690291957862
1039 2.9578796476819
1040 2.93003373185067
1041 2.89959851395812
1042 2.85108150011667
1043 2.78304978074416
1044 2.73782822969182
1045 2.71107635573174
1046 2.69746816945888
1047 2.66513650913733
1048 2.63024816248197
1049 2.60722744523521
1050 2.60216898196167
1051 2.58917842875686
1052 2.5900730229932
1053 2.5652270922646
1054 2.54480615404493
1055 2.52345756630032
1056 2.52422169398967
1057 2.51434561438541
1058 2.49393342504128
1059 2.50182774908355
1060 2.52718283916621
1061 2.54736812932122
1062 2.56449660055603
1063 2.59253996013143
1064 2.61991350641817
1065 2.65555002163145
1066 2.68038532762022
1067 2.70309339396124
1068 2.70164009998197
1069 2.69339645528538
1070 2.6849726135879
1071 2.69150878238286
1072 2.68574314916985
1073 2.6524470578429
1074 2.65940897032279
1075 2.6741507752279
1076 2.67521144630202
1077 2.68016383355204
1078 2.69670610520371
1079 2.71837462664767
1080 2.73788583612871
1081 2.77058954157026
1082 2.78760778095217
1083 2.79758912112825
1084 2.83574120801034
1085 2.89045049584303
1086 2.89733226955521
1087 2.89628317870306
1088 2.88412391405735
1089 2.89570885124239
1090 2.90598166554957
1091 2.90493170028313
1092 2.88093876552436
1093 2.84338773859352
1094 2.80279218223548
1095 2.77952881313631
1096 2.77285302106118
1097 2.7616047528382
1098 2.72770720991495
1099 2.72260483218791
1100 2.71597506173525
1101 2.69038416069949
1102 2.69432028099467
1103 2.70915869676695
1104 2.69531458915893
1105 2.71445012970046
1106 2.73338335331984
1107 2.74174421485071
1108 2.76100273286442
1109 2.77003205049103
1110 2.77923078245298
1111 2.80544643981861
1112 2.81404850790964
1113 2.81128071095139
1114 2.79592459821538
1115 2.80043491385371
1116 2.78102526321076
1117 2.77717982856391
1118 2.75667499578532
1119 2.73914688017812
1120 2.72894996172052
1121 2.73000964096119
1122 2.74438708683123
1123 2.7546172879028
1124 2.7491915181642
1125 2.73973906992404
1126 2.72436975312988
1127 2.72149014955831
1128 2.72900054483923
1129 2.72598033801653
1130 2.74971799649966
1131 2.77306208891223
1132 2.75540983109392
1133 2.76953275652075
1134 2.794466775327
1135 2.79591043523553
1136 2.79521546024262
1137 2.78110081920225
1138 2.75654065121051
1139 2.74019923936729
1140 2.73495347276046
1141 2.76793327874364
1142 2.80225226718433
1143 2.81316785283632
1144 2.8334782914068
1145 2.86092712001836
1146 2.88209057134793
1147 2.92033041680227
1148 2.98039173912557
1149 3.02404501875569
1150 3.08204514548931
1151 3.09929827088535
1152 3.12505771195986
1153 3.12100528752965
1154 3.10434709396878
1155 3.08833894841304
1156 3.0767318570451
1157 3.0740639806439
1158 3.11644789255402
1159 3.17748647595751
1160 3.17002604919478
1161 3.16542992376358
1162 3.15495384344434
1163 3.15069415539118
1164 3.14981247083372
1165 3.14385008129539
1166 3.1482861439781
1167 3.15623285858768
1168 3.14263595333224
1169 3.16018713958155
1170 3.14978540583757
1171 3.15284836943935
1172 3.1124037433798
1173 3.10287844773679
1174 3.09673596902254
1175 3.09790192550595
1176 3.09102961361795
1177 3.09671493294448
1178 3.08320221357116
1179 3.07803090651481
1180 3.06232023399269
1181 3.04790380678558
1182 3.04594377251271
1183 3.03434537130175
1184 3.02472926175656
1185 3.02576505568913
1186 3.002941481189
1187 2.94300893847222
1188 2.9038930201675
1189 2.85403229787503
1190 2.83776854852344
1191 2.80611850199138
1192 2.8104793736063
1193 2.7856376165373
1194 2.75248379962284
1195 2.72105476032753
1196 2.68239519147049
1197 2.6368407633485
1198 2.61029304822408
1199 2.62871672165626
1200 2.62965304473991
1201 2.68179922697465
1202 2.66120801471719
1203 2.61615726233407
1204 2.54110816485371
1205 2.48561475001768
1206 2.41991219933804
1207 2.40918238056091
1208 2.40073793186514
1209 2.36701413102237
1210 2.35263010220021
1211 2.30447198931074
1212 2.26431135708052
1213 2.21846836249324
1214 2.18147491402211
1215 2.13388511020897
1216 2.10468642851126
1217 2.04815339781691
1218 2.01760444807867
1219 2.02168267440274
1220 2.02561544496467
1221 2.01849334125985
1222 2.02963544566009
1223 2.06754677723361
1224 2.10622072547462
1225 2.13027867446734
1226 2.13441964791855
1227 2.12418327767797
1228 2.13247505019625
1229 2.1613633211295
1230 2.18126980810572
1231 2.18479131687487
1232 2.17652140508895
1233 2.17662805813619
1234 2.18300185069776
1235 2.16769225698588
1236 2.18989838874613
1237 2.19690789366797
1238 2.22508853274338
1239 2.25240762001093
1240 2.28313276397697
1241 2.31001072046188
1242 2.32221430958463
1243 2.28917664487612
1244 2.25685410095143
1245 2.21337228507037
1246 2.18974126947874
1247 2.16685949175884
1248 2.14356145822536
1249 2.11517589016362
1250 2.1061015200729
1251 2.10728606454959
1252 2.13246446984527
1253 2.14453203526029
1254 2.1571788591899
1255 2.17604779850519
1256 2.19816958334453
1257 2.23129256423407
1258 2.2419425174729
1259 2.25325042048916
1260 2.27640013049232
1261 2.28475739748443
1262 2.32990947095927
1263 2.35338629873442
1264 2.40970634378727
1265 2.46999400633719
1266 2.49947219498574
1267 2.53495477132821
1268 2.57919362746218
1269 2.61592812434522
1270 2.68399407060677
1271 2.73068401191738
1272 2.75998688198375
1273 2.79380384076631
1274 2.79140368444387
1275 2.8114939570664
1276 2.80407447807482
1277 2.8298305678082
1278 2.8576233352973
1279 2.86387936459191
1280 2.86819510456926
1281 2.87767251785098
1282 2.89398208928608
1283 2.91397908238403
1284 2.93205862003884
1285 2.96257087231905
1286 2.99709533464347
1287 3.01495937410949
1288 3.04305785523674
1289 3.05489787088258
1290 3.05916645620533
1291 3.07313788896737
1292 3.095268518649
1293 3.09490069546568
1294 3.08542073856564
1295 3.09661700518772
1296 3.08665099764004
1297 3.05870998068789
1298 3.06618429381662
1299 3.05910711956375
1300 3.04591069778484
1301 3.04206475419235
1302 3.02384956882947
1303 3.02040610834133
1304 3.00734626725252
1305 3.0000294560096
1306 2.99264813441894
1307 2.97027085115731
1308 2.97855713307439
1309 2.98560256828027
1310 2.99524027166054
1311 2.98341096636956
1312 2.97865279101555
1313 2.99881929511453
1314 3.0238774873654
1315 3.03222804304568
1316 3.02442442536082
1317 3.02029699245719
1318 3.01079225951337
1319 3.0099325670741
1320 3.01729521796308
1321 3.02246518342774
1322 3.04012535427165
1323 3.04294214902639
1324 3.0161318772521
1325 3.0066514424463
1326 2.99960428441571
1327 3.00679194216943
1328 2.98569741758209
1329 2.96446805085656
1330 2.97291014905354
1331 2.99149398063547
1332 2.99149417219523
1333 2.99516893079996
1334 2.9841275780839
1335 2.99015063045029
1336 2.97950721417997
1337 2.98102908045483
1338 2.97245038829971
1339 2.95837818074556
1340 2.95030281110917
1341 2.93784430908215
1342 2.92631723252916
1343 2.88933724257487
1344 2.87254945019731
1345 2.88371929420425
1346 2.85999836175576
1347 2.85137717252274
1348 2.84079269979637
1349 2.80405792312477
1350 2.76504089091259
1351 2.70346504315435
1352 2.66977490980795
1353 2.65029346742858
1354 2.60563086304987
1355 2.60873866444163
1356 2.59001291481434
1357 2.5693897244511
1358 2.54619732890357
1359 2.50380413176423
1360 2.46631835651352
1361 2.4391381525793
1362 2.41173384878175
1363 2.38399796251034
1364 2.41092395519298
1365 2.43262347663743
1366 2.46338267616822
1367 2.47043686039156
1368 2.4754870256159
1369 2.50593447735366
1370 2.51827892808167
1371 2.5617637513106
1372 2.58338212484834
1373 2.6130436568868
1374 2.63666023319753
1375 2.65299862772362
1376 2.72361889725834
1377 2.75824174333118
1378 2.8247564394536
1379 2.87343497175049
1380 2.93744122273218
1381 3.00610471434091
1382 3.01200414570455
1383 3.02099770162059
1384 3.02640591346762
1385 3.0353528971717
1386 3.03938288606896
1387 3.06636910009012
1388 3.0806090291728
1389 3.07488600427033
1390 3.05512838411368
1391 3.0466859202241
1392 3.03031393040767
1393 3.01634063204058
1394 2.99413751722764
1395 2.9198849456823
1396 2.86972820153506
1397 2.78693340011081
1398 2.76550467994898
1399 2.72517518336286
1400 2.7177123406179
1401 2.68480749254521
1402 2.63636076280381
1403 2.63189950472487
1404 2.61137786203096
1405 2.59476283782026
1406 2.60801810458327
1407 2.60527217220174
1408 2.56142645905314
1409 2.5377802863036
1410 2.54792018008326
1411 2.5427852587644
1412 2.5697509729983
1413 2.5327378372154
1414 2.44041251114142
1415 2.40480740725021
1416 2.388323715459
1417 2.38523510714943
1418 2.35433964552281
1419 2.27171377221376
1420 2.20162369005539
1421 2.18157470479136
1422 2.10595998510256
1423 2.0691069957853
1424 2.04926380486277
1425 2.03029890967728
1426 2.05653201251777
1427 2.08625874870622
1428 2.12112107611561
1429 2.14218561673329
1430 2.17484625480027
1431 2.23486567020768
1432 2.26284734144388
1433 2.32727206359746
1434 2.36558918078439
1435 2.39850503287327
1436 2.39648033724023
1437 2.41344574513662
1438 2.44959243494491
1439 2.4987054777615
1440 2.54072688949116
1441 2.56620155622306
1442 2.55922339895373
1443 2.56320830602533
1444 2.57034617106514
1445 2.56949844528061
1446 2.56151163520009
1447 2.55768522616387
1448 2.58781204751886
1449 2.6135644584673
1450 2.59430512468546
1451 2.59534826816265
1452 2.59085383288021
1453 2.60264318822701
1454 2.61743027483839
1455 2.61282585415003
1456 2.60662271398237
1457 2.60391662722318
1458 2.59785335890046
1459 2.59913946704311
1460 2.59588588557949
1461 2.63549468912621
1462 2.68159718678495
1463 2.74689134887543
1464 2.76763225600909
1465 2.78605060617057
1466 2.76740987630194
1467 2.76727557119698
1468 2.78207382222375
1469 2.79165124311578
1470 2.82472337903802
1471 2.84320145719997
1472 2.83164937289703
1473 2.84658008261657
1474 2.85066867552504
1475 2.84979062530453
1476 2.84669531478218
1477 2.8384425451731
1478 2.8219939916624
1479 2.8505227611564
1480 2.86288534178005
1481 2.88071571012793
1482 2.9013072811821
1483 2.9305085293307
1484 2.97240641275536
1485 2.99712378666176
1486 3.02190468249347
1487 3.0262184671097
1488 3.05356374477637
1489 3.07434629771834
1490 3.08598157954782
1491 3.08970013990135
1492 3.10111007008239
1493 3.12609053624532
1494 3.13032742498898
1495 3.15786290516382
1496 3.21200847201382
1497 3.25212958136979
1498 3.29034828720643
1499 3.30293414624428
1500 3.31556419119366
1501 3.30205042434038
1502 3.28811173191384
1503 3.2782385120472
1504 3.27662033435455
1505 3.26493875381004
1506 3.27079130721419
1507 3.27374641878158
1508 3.2726704662232
1509 3.26140971364906
1510 3.27480058437458
1511 3.29970284476361
1512 3.32375978556012
1513 3.32607333648201
1514 3.33403800559611
1515 3.32954621385345
1516 3.30068880860841
1517 3.29264185247585
1518 3.27864331668068
1519 3.25301823106229
1520 3.22041978686386
1521 3.20225351927733
1522 3.18834571462457
1523 3.18435539012841
1524 3.17721974132345
1525 3.16320780617204
1526 3.14313499982071
1527 3.12197382858507
1528 3.10105005257678
1529 3.09317130494322
1530 3.06954862270303
1531 3.0475217222092
1532 2.98354049669087
1533 2.89173598138684
1534 2.84352574657275
1535 2.82371594925283
1536 2.81776370729956
1537 2.78108859908348
1538 2.76477316209956
1539 2.755773598524
1540 2.75085888484517
1541 2.73758106377744
1542 2.70506446654592
1543 2.70525872570504
1544 2.72563936482103
1545 2.755614155523
1546 2.74094340787292
1547 2.76225395912398
1548 2.72089113551864
1549 2.69199677915245
1550 2.66180287490216
1551 2.65702426546333
1552 2.61352788211504
1553 2.62052104591393
1554 2.63071942993988
1555 2.65257068102941
1556 2.63374517412699
1557 2.60210897765986
1558 2.5788633990681
1559 2.55015488045083
1560 2.5289110323388
1561 2.51558677512807
1562 2.47052115060431
1563 2.43392574069112
1564 2.41437570231908
1565 2.41164095128969
1566 2.38907229805383
1567 2.36287011358546
1568 2.35517279553683
1569 2.35335358720727
1570 2.33748588408582
1571 2.34143535379538
1572 2.35037768656329
1573 2.35522490795629
1574 2.39083693867036
1575 2.40355796852818
1576 2.40141509575845
1577 2.4285235930709
1578 2.49232255301697
1579 2.53258664257722
1580 2.55800335030823
1581 2.58726302015949
1582 2.6125619913307
1583 2.64824991009377
1584 2.67882657890063
1585 2.69246991170642
1586 2.68901806548525
1587 2.6648663180156
1588 2.62954138857752
1589 2.59045569732423
1590 2.59132492725624
1591 2.59777504721553
1592 2.61875078796971
1593 2.6508052262845
1594 2.67752288466294
1595 2.67056315840193
1596 2.71849834178804
1597 2.74411678681087
1598 2.7688365496412
1599 2.80286888426067
1600 2.79657626704083
1601 2.80539207807531
1602 2.81505700060899
1603 2.8181016176481
1604 2.82818663523357
1605 2.84972594374514
1606 2.85445922694988
1607 2.84237980901663
1608 2.86227822039973
1609 2.86380249311705
1610 2.88972333431268
1611 2.92454594224621
1612 2.94075004673613
1613 2.9173564764779
1614 2.8640571188653
1615 2.83536801763277
1616 2.78169410019946
1617 2.7657421273188
1618 2.79179170353025
1619 2.82242561279463
1620 2.85050586382102
1621 2.85442746214619
1622 2.88111428171739
1623 2.91399942318102
1624 2.94328316698451
1625 2.93868044105049
1626 2.95446584233838
1627 2.97043485254589
1628 2.95493679908137
1629 2.97177536475861
1630 2.9989704562957
1631 2.97282522428748
1632 2.9673881496033
1633 2.97201265239545
1634 2.94861462283347
1635 2.97195872611191
1636 2.97439052114365
1637 2.95332678295234
1638 2.94453711772016
1639 2.90867588805637
1640 2.86310244314671
1641 2.82998640677852
1642 2.78850464808395
1643 2.75266660449748
1644 2.71248976661943
1645 2.68585128383544
1646 2.65236658960909
1647 2.62915808726259
1648 2.61497144994828
1649 2.59571539783306
1650 2.5820553462538
1651 2.6059973946107
1652 2.62236017340029
1653 2.60087967673297
1654 2.59280220424198
1655 2.60372827932036
1656 2.58367495417125
1657 2.57675248819695
1658 2.57452940125879
1659 2.575622854011
1660 2.57043258107334
1661 2.56331554064082
1662 2.57114106766629
1663 2.57035159104656
1664 2.56583830057565
1665 2.55955702993723
1666 2.53925229299594
1667 2.50564474524883
1668 2.47582619778249
1669 2.47071604835634
1670 2.44704274465947
1671 2.41470888740282
1672 2.42739406567802
1673 2.42117475690224
1674 2.40145952422145
1675 2.36064908450329
1676 2.3620575611177
1677 2.37869101768887
1678 2.39587874330366
1679 2.4299753583497
1680 2.43684962903574
1681 2.44965202483524
1682 2.48020633133189
1683 2.51090429289038
1684 2.54572273291762
1685 2.60385388043727
1686 2.63458046470924
1687 2.65537355921821
1688 2.65185334529199
1689 2.68037320109391
1690 2.67674545167184
1691 2.64902386303734
1692 2.6449118359555
1693 2.65654421719894
1694 2.65635782683703
1695 2.67580663547517
1696 2.72656933416443
1697 2.75335079484482
1698 2.79420476812732
1699 2.81310290453761
1700 2.81352525645694
1701 2.81631331131794
1702 2.81997500347955
1703 2.83038637051177
1704 2.84892621834847
1705 2.85553011095943
1706 2.88736438976683
1707 2.89591009080293
1708 2.91396962433895
1709 2.93198154142599
1710 2.9487559301834
1711 2.96029714019869
1712 2.96064996655463
1713 2.97185010374792
1714 2.98224073243766
1715 3.01885050817474
1716 3.07927990471276
1717 3.10644785940196
1718 3.13171364932796
1719 3.10346279870818
1720 3.08596022451978
1721 3.09603759247456
1722 3.10591196807351
1723 3.10074049125511
1724 3.09347964877719
1725 3.06962846681206
1726 3.0394721645684
1727 3.0114975962438
1728 3.00265113248748
1729 2.99170850552857
1730 2.96870558097467
1731 2.93281895320105
1732 2.87797119684091
1733 2.80068218409447
1734 2.72047311497384
1735 2.65948768671235
1736 2.6281826358068
1737 2.60661483661645
1738 2.57154475711632
1739 2.5694166265157
1740 2.56400832635752
1741 2.52221822911461
1742 2.50036623004047
1743 2.5206372698465
1744 2.55507458710229
1745 2.57331674227525
1746 2.59650664670632
1747 2.63703342221754
1748 2.68297047938808
1749 2.61705751460777
1750 2.62655496573658
1751 2.62282708424918
1752 2.56182367469851
1753 2.43746884970278
1754 2.36524080142617
1755 2.25872935750668
1756 2.20094219661163
1757 2.14246248865358
1758 2.11201821727808
1759 2.07103194600469
1760 2.05020630821747
1761 2.0498508594025
1762 2.06480497001286
1763 2.06670461013601
1764 2.09835199075
1765 2.12830866772098
1766 2.16304890294497
1767 2.17776925664618
1768 2.20316916277283
1769 2.24636125093165
1770 2.26699269015597
1771 2.29217013976051
1772 2.28190234670056
1773 2.2736100095475
1774 2.25551947973758
1775 2.24473502440048
1776 2.24317617346416
1777 2.24624182680568
1778 2.22366479186527
1779 2.23911679746405
1780 2.26193934552726
1781 2.2658771248197
1782 2.25571865148023
1783 2.26989177628647
1784 2.27767397125832
1785 2.31648602228438
1786 2.35796416482037
1787 2.39543759983621
1788 2.44506174054914
1789 2.42577893046874
1790 2.37058932148706
1791 2.26816200222252
1792 2.25652889694988
1793 2.21153383287709
1794 2.18090059795164
1795 2.17021053883501
1796 2.15716964770854
1797 2.11005869859775
1798 2.09124524648316
1799 2.08342933589415
1800 2.08263921430037
1801 2.08404809483531
1802 2.0963860954084
1803 2.12745642877052
1804 2.19773302774014
1805 2.27541955790372
1806 2.30894373162069
1807 2.32937333424281
1808 2.33450154687691
1809 2.34973570621816
1810 2.37171942932265
1811 2.41766854259641
1812 2.47188511433921
1813 2.51073707812328
1814 2.53189467434338
1815 2.55279582159343
1816 2.56890282982125
1817 2.56785043719362
1818 2.58230181319622
1819 2.57948267572592
1820 2.5724389415448
1821 2.54588689458972
1822 2.53310046251547
1823 2.55017228328366
1824 2.57088536957102
1825 2.5853425755787
1826 2.60215090413823
1827 2.59313108842561
1828 2.58983584895826
1829 2.57341630399246
1830 2.58302882855343
1831 2.57734752856358
1832 2.57676364972037
1833 2.58743568719391
1834 2.60981732940378
1835 2.63277532506039
1836 2.65659670431271
1837 2.67236405446126
1838 2.68436408981516
1839 2.69673548799791
1840 2.70898134241008
1841 2.71217492019909
1842 2.71619775025525
1843 2.71435988400541
1844 2.70280407595643
1845 2.69934896962028
1846 2.690286047938
1847 2.67714202156665
1848 2.66086756213891
1849 2.65505858795142
1850 2.62973476196193
1851 2.63279479905661
1852 2.62816621180912
1853 2.62868813594594
1854 2.6236358588313
1855 2.62215771266483
1856 2.63414954972108
1857 2.62975577415362
1858 2.63565517625555
1859 2.6298328529011
1860 2.65068682133261
1861 2.67182038521462
1862 2.66689017116362
1863 2.66165033137222
1864 2.69597828242029
1865 2.73091001659724
1866 2.75960097788935
1867 2.77486578920006
1868 2.79911864967404
1869 2.81005390158349
1870 2.83751908069595
1871 2.85424107023926
1872 2.8622396428078
1873 2.87127529253455
1874 2.88684421781519
1875 2.88799305408179
1876 2.90545516828884
1877 2.88891784680842
1878 2.88080491574586
1879 2.86609068147329
1880 2.86127363655183
1881 2.86673883422359
1882 2.85224479151746
1883 2.85606257567196
1884 2.87525215202532
1885 2.86075954929297
1886 2.86692248295342
1887 2.85921976076593
1888 2.84512425322133
1889 2.84124564284326
1890 2.83964609799522
1891 2.83511974572829
1892 2.81829292062236
1893 2.81035780613353
1894 2.83197416909755
1895 2.84277510442785
1896 2.86779943780741
1897 2.87903648480051
1898 2.88822809886691
1899 2.90138475351153
1900 2.91280335390076
1901 2.90693359813254
1902 2.88693374114144
1903 2.88754045848459
1904 2.88602501699396
1905 2.9028665437388
1906 2.90381657430148
1907 2.92653288930618
1908 2.92934236606878
1909 2.9309712754467
1910 2.93583856103872
1911 2.92444282529425
1912 2.9207986797289
1913 2.92047375959012
1914 2.91414661863944
1915 2.89960933662427
1916 2.88595699534825
1917 2.8659259649964
1918 2.86117203105727
1919 2.8407247243767
1920 2.84033897873967
1921 2.82702862922871
1922 2.85107586006698
1923 2.83138322035879
1924 2.83166612496073
1925 2.81132303903019
1926 2.80889060320255
1927 2.79525165738922
1928 2.78024189007893
1929 2.76339890221014
1930 2.7543776732072
1931 2.7332624464059
1932 2.73831140215743
1933 2.72766352413252
1934 2.71415662401583
1935 2.71533050272386
1936 2.71459257116802
1937 2.68656694120606
1938 2.65964783389722
1939 2.66078986098992
1940 2.66397960547976
1941 2.66222022395243
1942 2.66774484037615
1943 2.67104849089248
1944 2.67328923320247
1945 2.71191251163524
1946 2.70701864654737
1947 2.73030829540869
1948 2.69758775381072
1949 2.6800188574917
1950 2.64639979363584
1951 2.60670356601966
1952 2.58650818170488
1953 2.55853393236582
1954 2.54470545018611
1955 2.52635524079218
1956 2.53336189957502
1957 2.53217446584396
1958 2.52755435302596
1959 2.52587504807677
1960 2.5058246037548
1961 2.50134556057048
1962 2.50043478334912
1963 2.49530349530959
1964 2.49710923846651
1965 2.5123155535801
1966 2.51566645716899
1967 2.53154643660702
1968 2.53794264939109
1969 2.55803887916098
1970 2.57080832688844
1971 2.59518266558434
1972 2.62617222496937
1973 2.63870517913727
1974 2.66654312860391
1975 2.68273554704825
1976 2.69167296172228
1977 2.69801447124309
1978 2.71266525194832
1979 2.72053680712513
1980 2.72979058782562
1981 2.72181949080015
1982 2.7257596329836
1983 2.7577790175965
1984 2.79453167015673
1985 2.82534945165445
1986 2.86612767211368
1987 2.90046831850154
1988 2.92109307712898
1989 2.94343127058969
1990 2.9672782941768
1991 2.97445079197514
1992 2.95133326377974
1993 2.92553883566598
1994 2.912325082549
1995 2.91236932806528
1996 2.91360790634169
1997 2.91459943139788
1998 2.90189300120474
1999 2.8857189673651
2000 2.88483808135483
2001 2.89272546203994
2002 2.88093648111116
2003 2.86600334533759
2004 2.87070854218427
2005 2.85174131897065
2006 2.82195053957367
2007 2.79893779717286
2008 2.76914153425925
2009 2.74543425653488
2010 2.72546861922708
2011 2.7207826149839
2012 2.7225285129559
2013 2.71299612940774
2014 2.71065855710145
2015 2.72446973810936
2016 2.75890986524181
2017 2.76263175756763
2018 2.76469657161908
2019 2.76474219875534
2020 2.78296327415035
2021 2.78983606381807
2022 2.80519339170977
2023 2.81071783073671
2024 2.82589549686507
2025 2.82633484378048
2026 2.84181842524818
2027 2.8750184604478
2028 2.91090095267854
2029 2.96507541691643
2030 3.02863703998854
2031 3.05391441968842
2032 3.06829980990553
2033 3.08607502499987
2034 3.07747493695736
2035 3.06445778968841
2036 3.04906935792024
2037 3.03598466351781
2038 3.02963430610393
2039 3.04132947530058
2040 3.04585269009166
2041 3.03946792175648
2042 3.06028708134157
2043 3.02787986871322
2044 2.98316697208267
2045 2.92909262592367
2046 2.8790472199296
2047 2.84485665350396
2048 2.79017273096895
2049 2.75267967235886
2050 2.75138204174139
2051 2.74391838901009
2052 2.72139281623347
2053 2.70697908838255
2054 2.69525393363165
2055 2.68609052928535
2056 2.68403503358017
2057 2.70295685565815
2058 2.70099352709089
2059 2.71316688291265
2060 2.71650401395125
2061 2.70117161631551
2062 2.70481951951447
2063 2.71952707608561
2064 2.70915030165412
2065 2.70256382397872
2066 2.70140532820748
2067 2.70534884331139
2068 2.68519392548786
2069 2.66806730379909
2070 2.64648519099745
2071 2.63280350307148
2072 2.60280547725067
2073 2.57283575574521
2074 2.50418650586134
2075 2.46350570427872
2076 2.43178739567403
2077 2.41026150149713
2078 2.41153517621403
2079 2.41516574978646
2080 2.41832945600734
2081 2.39244422336133
2082 2.37670765524997
2083 2.36337043853023
2084 2.33915557212729
2085 2.35007803811933
2086 2.37603429810479
2087 2.39874645592807
2088 2.43286380381087
2089 2.47960088346897
2090 2.52349080975378
2091 2.56447880596883
2092 2.57715976407399
2093 2.5551812022058
2094 2.52777521489003
2095 2.53449153486201
2096 2.51838166347558
2097 2.5028514004597
2098 2.47864999116287
2099 2.45307228162672
2100 2.44930325039776
2101 2.4238179079815
2102 2.41861334080862
2103 2.4070542353486
2104 2.44213904543984
2105 2.45625566707238
2106 2.44994128279786
2107 2.42336079390387
2108 2.4085833184525
2109 2.38583757196279
2110 2.35587561269494
2111 2.29160316466476
2112 2.26614470233099
2113 2.26707705089214
2114 2.25174999465042
2115 2.28293704995277
2116 2.31388134170432
2117 2.34763938316296
2118 2.33408532728707
2119 2.35156482280983
2120 2.35698738891465
2121 2.37268944996271
2122 2.33847725219553
2123 2.34634529990453
2124 2.33327848849758
2125 2.354063337183
2126 2.3694469054324
2127 2.37259163346596
2128 2.34742233085495
2129 2.32658730853405
2130 2.29412498951647
2131 2.27340948132344
2132 2.27351424584691
2133 2.25952995018078
2134 2.27652071685018
2135 2.30502611869069
2136 2.32412924979191
2137 2.30919126637578
2138 2.28657850753877
2139 2.28219949531673
2140 2.26462878764284
2141 2.25859101806222
2142 2.26997398593712
2143 2.25951073885388
2144 2.26220185172704
2145 2.24182964097993
2146 2.24181250250289
2147 2.22941736631176
2148 2.21986054287529
2149 2.21478966306712
2150 2.22475205978328
2151 2.20772686971849
2152 2.21557372964995
2153 2.22155379357202
2154 2.24635028552124
2155 2.25212570102747
2156 2.26344698237905
2157 2.25969235277913
2158 2.27963010989804
2159 2.30109845644881
2160 2.35688207036619
2161 2.40939354545331
2162 2.44324591164979
2163 2.45464340545793
2164 2.46625401087086
2165 2.48743794831994
2166 2.49732619842082
2167 2.53292811831523
2168 2.55477781729971
2169 2.59568477931117
2170 2.61808670292049
2171 2.62768351816442
2172 2.62363388193386
2173 2.6112950311825
2174 2.59185015165083
2175 2.59614836128347
2176 2.56581695837301
2177 2.53364989611427
2178 2.49278355640131
2179 2.48193352435902
2180 2.44818285578417
2181 2.43944827674515
2182 2.4201868635781
2183 2.41551739959462
2184 2.40256745840308
2185 2.40861973686082
2186 2.42530618515988
2187 2.41776496318647
2188 2.41477710359974
2189 2.38919653951264
2190 2.38105043783884
2191 2.36717288643709
2192 2.34943175661983
2193 2.35318707914405
2194 2.36584582464995
2195 2.37852914654798
2196 2.39366023115639
2197 2.41363964802377
2198 2.45461061680312
2199 2.48850582977184
2200 2.52857101626119
2201 2.59177560990303
2202 2.62151515875198
2203 2.65994119794268
2204 2.70910106903503
2205 2.73623248232365
2206 2.73946929781715
2207 2.72231728812325
2208 2.68141143032457
2209 2.63215675348967
2210 2.59258861492778
2211 2.54815869720117
2212 2.50095324805631
2213 2.47352955941245
2214 2.43444265554087
2215 2.37962143281659
2216 2.36470108889382
2217 2.30639124734342
2218 2.28593592639154
2219 2.28230348981714
2220 2.31013019234252
2221 2.34619616025712
2222 2.38352142977953
2223 2.40569134135161
2224 2.40704414812752
2225 2.40529765412368
2226 2.3587084526189
2227 2.3133355378426
2228 2.26017060314012
2229 2.20377257283641
2230 2.16611307840429
2231 2.10944743391341
2232 2.07111163515991
2233 2.06126127843677
2234 2.06763635414691
2235 2.04787207762989
2236 2.05759409368566
2237 2.08915799696949
2238 2.13203869739404
2239 2.16886790880346
2240 2.20929173874214
2241 2.23346777702087
2242 2.26421402532645
2243 2.28011823524878
2244 2.29637219701776
2245 2.29743415089489
2246 2.29634923275121
2247 2.30477898114275
2248 2.30183204051164
2249 2.29043884927856
2250 2.27781994524572
2251 2.28611802976107
2252 2.28599484185966
2253 2.28447538715933
2254 2.29484571556151
2255 2.28797062557121
2256 2.29578010229525
2257 2.32037317835528
2258 2.3364459353566
2259 2.33454719504977
2260 2.35317452041992
2261 2.35297634989977
2262 2.36831335014367
2263 2.4000577657568
2264 2.42347056841762
2265 2.45104769578766
2266 2.47730051703985
2267 2.49795987369783
2268 2.50810976303667
2269 2.51848924807024
2270 2.53057276126765
2271 2.53470813460362
2272 2.54385891214991
2273 2.55060914267979
2274 2.5663340035882
2275 2.58203736983772
2276 2.5971401193211
2277 2.61454108116615
2278 2.60814239078749
2279 2.60051797546304
2280 2.60468443789023
2281 2.58484205286366
2282 2.5658653491241
2283 2.5544585007399
2284 2.53156792756117
2285 2.53605515008903
2286 2.5073791807313
2287 2.4936479230184
2288 2.47227979015269
2289 2.45155944868237
2290 2.4409782708366
2291 2.43472952517611
2292 2.42882001581651
2293 2.43166784066526
2294 2.41522990757759
2295 2.4023959727777
2296 2.38251831424531
2297 2.38332413450978
2298 2.37934020895167
2299 2.37774749170079
2300 2.38838390606478
2301 2.38071283869499
2302 2.40508296991773
2303 2.42840657596782
2304 2.4582462119082
2305 2.46895727256703
2306 2.49674407454858
2307 2.51684997574093
2308 2.53546146458023
2309 2.55660654948911
2310 2.5744178699755
2311 2.59141123953817
2312 2.59489523918883
2313 2.60040412844704
2314 2.59994092872516
2315 2.58927557680787
2316 2.62100349132898
2317 2.63626885733208
2318 2.66204111978601
2319 2.7166443101792
2320 2.72206053236013
2321 2.75936985265434
2322 2.79278325361488
2323 2.8208183299313
2324 2.84254353140609
2325 2.85347197201878
2326 2.85625831965443
2327 2.89279122825862
2328 2.92901166883329
2329 2.94416546172757
2330 2.94024435129321
2331 2.94762697981214
2332 2.97280987617834
2333 3.00769923854679
2334 3.03050741233248
2335 3.02427229804746
2336 3.02743954453889
2337 3.01176802775929
