2.798768
2.765598
2.702984
2.664225
2.615015
2.568452
2.559266
2.539444
2.529766
2.512829
2.486428
2.486245
2.501922
2.521231
2.537105
2.530276
2.543219
2.568273
2.594296
2.612422
2.636694
2.658656
2.673299
2.68125
2.689616
2.708709
2.684824
2.678915
2.683593
2.69299
2.693566
2.715946
2.7494
2.804844
2.818621
2.854309
2.89106
2.927921
2.951766
3.002668
3.034816
3.037766
3.049488
3.067359
3.072011
3.061886
3.047519
3.031972
3.01927
2.984137
2.946156
2.903197
2.855236
2.822883
2.815842
2.779299
2.763408
2.726082
2.661382
2.611512
2.574646
2.580273
2.53435
2.475109
2.446704
2.445493
2.427954
2.420334
2.451987
2.419639
2.398772
2.392422
2.383808
2.358831
2.341081
2.330395
2.359296
2.396849
2.427292
2.446136
2.478251
2.531662
2.582202
2.630293
2.720936
2.75748
2.818522
2.883251
2.915719
2.906109
2.901581
2.874703
2.864686
2.856942
2.870459
2.878291
2.864721
2.852089
2.869706
2.867071
2.868997
2.89032
2.92113
2.945812
2.958755
2.968094
2.963177
2.975323
2.977534
3.004864
3.037015
3.085211
3.159489
3.159443
3.213183
3.238396
3.262063
3.243709
3.241983
3.23517
3.214007
3.211014
3.203662
3.174219
3.166196
3.162265
3.125108
3.10446
3.07513
3.065478
3.050274
3.046376
3.042649
3.045338
3.043908
3.04844
3.046155
3.03454
3.040411
3.031262
3.027218
3.033148
3.050944
3.055477
3.075419
3.108671
3.125695
3.120346
3.141758
3.158792
3.180558
3.140723
3.112673
3.083232
3.068634
3.06441
3.071841
3.056621
3.031
2.983451
2.951144
2.945371
2.94028
2.915618
2.866999
2.85411
2.837025
2.838241
2.832368
2.795656
2.747496
2.728219
2.717298
2.682672
2.631462
2.61015
2.590866
2.569458
2.515008
2.496335
2.498907
2.482675
2.453389
2.452948
2.440603
2.442152
2.460557
2.488748
2.492687
2.544037
2.555276
2.582068
2.606707
2.623879
2.660387
2.701834
2.786125
2.823795
2.876663
2.870391
2.868894
2.865671
2.87124
2.873683
2.896578
2.920957
2.930676
2.94967
2.966979
2.954572
2.965968
2.991286
2.989629
2.962341
2.914219
2.894717
2.879967
2.818005
2.792043
2.784637
2.753337
2.724672
2.71993
2.741838
2.779044
2.800655
2.823526
2.80814
2.788961
2.739966
2.727653
2.673584
2.634473
2.616362
2.596044
2.575896
2.560815
2.557994
2.557078
2.54105
2.5218
2.526465
2.524508
2.53154
2.540403
2.540883
2.545649
2.548928
2.560806
2.584068
2.603139
2.631518
2.665024
2.700849
2.75278
2.793082
2.823991
2.872558
2.914851
2.938354
2.956382
2.909024
2.880181
2.824875
2.794415
2.739258
2.714706
2.711423
2.6781
2.630503
2.581651
2.535956
2.507311
2.483818
2.451285
2.425899
2.410729
2.409262
2.408535
2.415672
2.419614
2.466032
2.498124
2.496937
2.523373
2.551852
2.564495
2.585059
2.581417
2.541939
2.51189
2.518587
2.518223
2.509168
2.50958
2.534883
2.559441
2.58175
2.627288
2.681102
2.713719
2.746638
2.775824
2.797432
2.810486
2.781431
2.808595
2.82835
2.828386
2.843183
2.829017
2.848943
2.846187
2.845598
2.824571
2.831261
2.808596
2.80378
2.786055
2.790446
2.778462
2.771696
2.743105
2.727674
2.727427
2.746713
2.76787
2.778493
2.819241
2.82686
2.865964
2.921738
2.953883
2.988085
3.034606
3.063942
3.11251
3.146431
3.208923
3.254484
3.263894
3.287947
3.341834
3.370146
3.400353
3.442256
3.453945
3.454783
3.442054
3.414051
3.413031
3.37569
3.342128
3.315051
3.282229
3.263534
3.229322
3.215198
3.205208
3.200997
3.18886
3.177882
3.165781
3.154431
3.147562
3.149305
3.156701
3.160776
3.177784
3.211059
3.210904
3.196215
3.208315
3.219972
3.227558
3.254059
3.294726
3.332026
3.356034
3.395759
3.39018
3.373112
3.375214
3.374265
3.370422
3.376823
3.376912
3.368717
3.36947
3.373045
3.385346
3.398439
3.400924
3.428945
3.429435
3.439316
3.448491
3.461838
3.46164
3.479133
3.509264
3.499764
3.512206
3.494922
3.498227
3.513361
3.54205
3.516842
3.512158
3.490182
3.481462
3.469548
3.463313
3.461992
3.464405
3.446293
3.43967
3.433476
3.434485
3.408366
3.397662
3.404456
3.374383
3.366594
3.346445
3.341366
3.309673
3.29439
3.277068
3.267635
3.247937
3.230638
3.222044
3.188456
3.14237
3.123136
3.084257
3.023016
2.989614
2.979914
2.948959
2.914101
2.871746
2.859624
2.852635
2.867529
2.856615
2.857675
2.860712
2.883411
2.878648
2.888896
2.914736
2.950611
2.954439
2.950602
2.970735
2.976772
3.008749
3.016363
3.031013
3.074359
3.093579
3.101861
3.114678
3.139738
3.184454
3.200758
3.195624
3.224207
3.260854
3.286615
3.292074
3.316741
3.320427
3.323196
3.330604
3.379193
3.371974
3.362525
3.310731
3.2941
3.294383
3.316112
3.327208
3.348437
3.356914
3.348877
3.346597
3.339414
3.28578
3.22912
3.177892
3.151095
3.111874
3.055415
3.037373
2.992889
2.95065
2.885876
2.828643
2.828475
2.815852
2.770115
2.746204
2.699801
2.714539
2.702278
2.675691
2.659314
2.6148
2.572677
2.555703
2.55475
2.588123
2.622975
2.64856
2.680466
2.709409
2.719071
2.730901
2.725019
2.699261
2.663957
2.584712
2.574942
2.542961
2.540783
2.458282
2.376147
2.369923
2.34205
2.309294
2.267688
2.231551
2.204125
2.202072
2.176881
2.179752
2.208541
2.206777
2.190772
2.171025
2.174525
2.185665
2.209864
2.265659
2.314139
2.350066
2.403419
2.447802
2.512975
2.580322
2.67176
2.740337
2.77682
2.816743
2.799708
2.745393
2.741917
2.791378
2.776566
2.778537
2.713558
2.654164
2.605955
2.584605
2.548656
2.526385
2.520701
2.508984
2.506355
2.517433
2.494104
2.485368
2.466173
2.457966
2.450336
2.460999
2.412921
2.368351
2.367832
2.405271
2.404331
2.418757
2.416993
2.468895
2.490053
2.452271
2.486719
2.467627
2.484641
2.495877
2.472323
2.463841
2.467253
2.451835
2.441916
2.468233
2.513849
2.528198
2.554511
2.566984
2.55709
2.542716
2.533891
2.512412
2.50815
2.475852
2.483631
2.485448
2.47662
2.428672
2.415812
2.38751
2.411314
2.436712
2.437289
2.419979
2.385482
2.38567
2.421008
2.461031
2.506833
2.564171
2.615429
2.672097
2.729055
2.797988
2.849762
2.89125
2.953143
2.988172
2.989455
2.979266
3.035308
3.057659
3.077681
3.08877
3.141976
3.159359
3.171463
3.201303
3.241207
3.255915
3.243094
3.224629
3.220566
3.204535
3.205846
3.200396
3.217873
3.222947
3.203437
3.203597
3.200724
3.18054
3.183302
3.185098
3.191435
3.194484
3.185851
3.180577
3.189344
3.158098
3.100188
3.069261
3.079376
3.050383
3.048403
3.04828
3.051237
3.069157
3.05739
3.067369
3.067078
3.054372
3.040665
3.028686
3.012397
2.98588
2.962041
2.925847
2.872476
2.814741
2.757083
2.710215
2.700839
2.650144
2.606344
2.586812
2.55901
2.545641
2.546355
2.51513
2.505417
2.472197
2.406459
2.34322
2.293199
2.261265
2.256376
2.270102
2.280459
2.289349
2.312529
2.333479
2.365045
2.404721
2.480728
2.567422
2.637247
2.688578
2.705085
2.77434
2.80928
2.805271
2.864484
2.888465
2.941679
2.973727
2.975741
2.987692
2.975096
2.947297
2.941375
2.945328
2.942169
2.936753
2.922595
2.92196
2.921633
2.96619
2.986957
3.014606
3.014561
3.043524
3.054822
3.037014
3.042429
3.021049
3.003772
2.989545
2.983278
2.97855
2.9755
2.966051
2.931968
2.920034
2.894083
2.866656
2.783436
2.759216
2.708933
2.671952
2.606978
2.561487
2.519451
2.528034
2.50316
2.509478
2.495587
2.488534
2.453564
2.453421
2.457191
2.47719
2.49652
2.536548
2.526514
2.523199
2.532839
2.51016
2.516534
2.543138
2.586725
2.638854
2.676437
2.703443
2.701161
2.751471
2.767981
2.803146
2.826781
2.841612
2.808371
2.820947
2.839903
2.845748
2.847258
2.876453
2.927412
2.927285
2.939164
2.966879
2.981683
3.019416
3.036639
3.065211
3.086019
3.106038
3.12668
3.122114
3.112389
3.120847
3.128357
3.124811
3.124916
3.141997
3.149768
3.145659
3.123291
3.115415
3.091406
3.013953
2.950879
2.881873
2.823113
2.7637
2.669562
2.615263
2.580291
2.568046
2.542478
2.517107
2.570945
2.575351
2.582321
2.645025
2.667729
2.542086
2.536478
2.540103
2.458618
2.433833
2.475709
2.455108
2.443421
2.464756
2.452589
2.433562
2.389683
2.333268
2.276075
2.233621
2.17715
2.147187
2.169658
2.177968
2.16048
2.179737
2.208474
2.184812
2.164307
2.166084
2.156336
2.156547
2.110944
2.080322
2.063432
2.039027
2.041321
2.026694
2.020974
2.027248
2.035145
2.046026
2.063665
2.092274
2.083392
2.079078
2.082451
2.069726
2.025399
1.961872
1.952387
1.92788
1.944655
1.92848
1.947664
1.964062
1.950124
1.981851
1.998459
2.031605
2.025817
2.079371
2.156194
2.261479
2.309116
2.33775
2.33311
2.365465
2.382323
2.415627
2.45027
2.470908
2.457565
2.468783
2.459681
2.450009
2.427295
2.396138
2.400161
2.39265
2.381727
2.381444
2.395179
2.40489
2.415662
2.436357
2.451269
2.490328
2.513614
2.540259
2.581214
2.632741
2.718425
2.766806
2.810199
2.862504
2.917115
2.963257
3.006736
2.999279
3.046206
3.060558
3.035615
3.036245
2.974398
2.930183
2.908618
2.892058
2.859714
2.852453
2.83031
2.819622
2.791189
2.736541
2.689638
2.655588
2.621364
2.59747
2.58707
2.583327
2.583674
2.606708
2.599136
2.613921
2.663464
2.643279
2.635472
2.630564
2.628435
2.622608
2.623176
2.650949
2.693305
2.735566
2.789784
2.840542
2.863246
2.880714
2.855185
2.843646
2.791252
2.693209
2.632307
2.585741
2.554589
2.481781
2.419814
2.402016
2.401291
2.409163
2.362746
2.321562
2.292137
2.264489
2.276638
2.257457
2.253199
2.195234
2.174547
2.170449
2.174288
2.17217
2.162997
2.179439
2.15028
2.149541
2.13526
2.146405
2.155425
2.158345
2.176816
2.183916
2.227773
2.225842
2.241619
2.272346
2.314781
2.354734
2.402854
2.439643
2.501901
2.541627
2.596034
2.643832
2.676041
2.642436
2.678738
2.711026
2.719129
2.713594
2.74572
2.768709
2.801265
2.785303
2.779816
2.74417
2.708408
2.691731
2.687699
2.740553
2.788804
2.804671
2.815256
2.80898
2.84277
2.860831
2.854885
2.868169
2.873484
2.874001
2.889539
2.885479
2.90216
2.892986
2.867376
2.844133
2.795699
2.732355
2.698275
2.667852
2.651798
2.616927
2.582006
2.553346
2.548012
2.542769
2.545344
2.514311
2.487598
2.465951
2.46481
2.456184
2.446898
2.465933
2.482287
2.505547
2.51932
2.547943
2.575952
2.623667
2.637334
2.653433
2.663898
2.650831
2.640543
2.642026
2.643575
2.62083
2.620851
2.645652
2.655773
2.666869
2.686954
2.711949
2.734921
2.765566
2.797487
2.814761
2.854947
2.888103
2.879727
2.883595
2.878443
2.869913
2.86933
2.853749
2.83031
2.792051
2.748635
2.729051
2.73182
2.718112
2.680391
2.682038
2.683218
2.658052
2.666603
2.685311
2.676279
2.699425
2.714527
2.724852
2.748779
2.761568
2.771166
2.795129
2.808103
2.802405
2.787731
2.793287
2.789984
2.785112
2.763206
2.741313
2.73202
2.727322
2.736641
2.749976
2.752203
2.75026
2.732032
2.734522
2.75767
2.751403
2.771984
2.780551
2.755985
